# Matrix A
2.0165 -1.0909 0.0000 0.0000 0.0000 0.0000 0.0000 0.0000 0.0000
-0.9167 2.0139 -1.0833 0.0000 0.0000 0.0000 0.0000 0.0000 0.0000
0.0000 -0.9231 2.0118 -1.0769 0.0000 0.0000 0.0000 0.0000 0.0000
0.0000 0.0000 -0.9286 2.0102 -1.0714 0.0000 0.0000 0.0000 0.0000
0.0000 0.0000 0.0000 -0.9333 2.0089 -1.0667 0.0000 0.0000 0.0000
0.0000 0.0000 0.0000 0.0000 -0.9375 2.0078 -1.0625 0.0000 0.0000
0.0000 0.0000 0.0000 0.0000 0.0000 -0.9412 2.0069 -1.0588 0.0000
0.0000 0.0000 0.0000 0.0000 0.0000 0.0000 -0.9444 2.0062 -1.0556
0.0000 0.0000 0.0000 0.0000 0.0000 0.0000 0.0000 -0.9474 2.0055

# Vector b
0.9083
-0.0013
-0.0015
-0.0017
-0.0018
-0.0018
-0.0018
-0.0017
2.1036

# x values
1.0000
1.1000
1.2000
1.3000
1.4000
1.5000
1.6000
1.7000
1.8000
1.9000
2.0000

# u values
1.0000000000
1.0926005207
1.1870431288
1.2833368702
1.3814020462
1.4811202621
1.5823598957
1.6849890184
1.7888817462
1.8939210992
2.0000000000

# |y(x_i) - u_i|
0.0000000000
0.0000287778
0.0000417117
0.0000454939
0.0000439055
0.0000391549
0.0000325651
0.0000249433
0.0000167884
0.0000084101
0.0000000000
